100
4 2
5 2
6 2
1000 1000
1000 1
2 2
500000 237857
907664 807183
999999 128
1000000 524288
1000000 1000000
1 1
4 1
294219 281285
588318 548996
527422 407793
936737 748419
686859 552769
500000 262144
903805 770292
392802 353701
3 2
786416 726168
999999 475712
1000000 2
999999 475711
448786 401417
1000000 262144
959073 939254
932494 795971
500000 128
693943 533073
480783 384221
500000 131071
3 1
570043 435321
353487 293587
500000 249999
999999 999999
999999 1
509718 442134
502331 392851
999999 999998
1000000 506835
826671 695585
999999 127
999999 392155
500000 2
500000 1
999999 516778
719442 555766
500000 500000
1000000 475712
457876 426268
500000 131072
1000000 499998
500000 250000
625429 534326
837306 700642
999999 524287
1000000 262143
999999 262143
2 1
435163 394935
817319 622227
1000000 127
1000000 475713
500000 499999
887916 797727
890081 809924
999999 499998
366043 304462
500000 257725
500000 262143
1000000 500000
1000000 128
999999 499999
500000 237856
500000 127
1000000 524287
1000000 315638
999999 2
885386 668600
5 1
321984 295931
766231 597763
1000000 499999
292769 279591
999999 499997
999999 524288
500000 249998
977317 965204
805265 607180
1000000 1
1000000 999999
571944 552501
500000 142598
999999 262144
792222 741007
579304 575611
