100
4 2
5 2
6 2
1000 1000
1000 1
345 337
999 488
755 577
935 837
999 497
1000 498
693 535
600 489
317 271
797 772
4 1
1000 500
666 508
1000 512
290 239
862 754
999 397
500 499
895 769
2 2
500 109
500 127
768 657
1000 511
1000 999
500 500
1000 2
500 117
1000 489
1000 499
999 128
720 621
261 242
999 1
500 141
500 254
865 689
265 245
283 264
999 508
500 128
561 530
999 999
3 1
396 324
500 245
500 244
1000 256
999 998
555 464
319 251
500 116
699 548
490 461
977 954
1000 315
999 255
559 524
500 2
500 249
803 796
3 2
1000 488
500 250
1000 127
999 498
727 658
413 343
999 512
5 1
500 248
999 2
587 461
500 256
523 424
509 492
999 487
304 299
2 1
340 327
396 333
1000 128
999 256
959 884
1000 504
1 1
1000 255
999 511
500 1
790 759
494 394
681 611
999 127
500 255
999 499
